223
97
173
160
212
183
17
210
101
4
90
142
38
72
148
228
172
111
113
233
229
98
133
34
68
163
256
216
67
139
78
119
221
107
66
61
36
94
161
237
260
13
209
123
29
82
19
63
73
126
135
99
240
238
232
56
141
89
47
175
57
251
45
87
43
264
91
147
225
168
50
154
131
137
86
257
9
206
187
234
167
125
12
1
235
124
85
23
76
120
150
253
184
132
53
40
166
164
136
218
55
192
230
190
18
180
239
129
51
28
93
263
35
194
201
178
174
95
16
8
143
52
205
222
11
80
219
27
243
7
208
42
149
179
213
241
242
128
3
188
197
152
14
26
204
244
200
217
170
177
58
2
10
145
181
138
20
191
77
245
226
262
207
96
49
31
6
46
30
74
140
159
255
134
44
59
224
112
165
146
198
171
153
60
100
203
231
185
252
259
15
158
81
130
88
162
92
202
32
21
64
265
25
37
102
84
39
248
122
195
62
121
24
246
71
196
169
108
48
41
144
117
54
118
109
79
116
106
33
127
261
193
220
182
5
215
211
156
155
157
22
186
151
189
236
254
83
70
250
115
176
249
227
258
75
114
247
69
65
214