31
91
30
219
253
172
161
10
241
254
205
245
142
246
98
191
222
11
140
208
134
192
100
141
177
157
201
237
125
127
83
188
257
185
120
73
38
86
211
154
21
95
29
78
42
223
224
263
25
247
97
216
195
52
107
129
217
179
149
77
28
43
1
19
215
225
101
69
118
190
166
131
124
197
96
70
209
168
248
20
84
41
48
87
170
194
162
243
47
65
4
16
153
22
171
126
55
99
144
158
17
220
259
169
57
90
258
53
187
244
264
242
167
93
229
262
181
81
59
232
236
182
89
147
8
200
50
186
64
18
108
174
112
155
113
226
218
75
137
193
230
231
238
239
228
23
159
32
88
261
60
252
221
214
139
133
37
63
24
45
240
5
156
74
136
196
180
150
249
36
122
163
256
15
227
138
265
40
183
202
46
148
33
94
71
115
102
184
7
152
164
114
14
106
82
3
175
234
13
178
203
165
210
109
250
68
235
61
207
123
146
260
62
212
35
92
51
34
233
135
130
128
56
151
39
58
79
119
12
66
160
54
6
143
116
44
67
9
213
72
117
251
255
198
85
132
145
189
80
76
26
121
204
49
173